./pathfinder.out -pdb ../xtc_reader/final_solv_ions.pdb -xtc /home/work/aapomalk/proteins/complex_iv_monomer/separated/final_no_hetero2/sisu_trajectories/md.part0005_clst_cntr.xtc -par ../tests/parameter_water.txt -limiter 3 -start 99970 -end 99973 -end 99976 
pathfinder started
reading parameters..
using: angle 45.000000, distance 0.400000, domain decomposition 70 70 70
number of vertex definitions: 1, see them in file ../tests/parameter_water.txt
reading pdb..
reading xtc..
starting path finding

step, length, list of structure_index
14, 3.102777, 99970 149749 243154 238045 105145 247090 157420 179329 103306 105712 92800 99973 
23, 3.750419, 99970 211021 276538 209494 218347 229612 92716 199795 247684 87394 183628 125308 99973 
28, 8.796188, 99970 175549 218476 165871 261328 113194 94492 197332 177199 125977 105025 153175 160678 268291 94162 223732 264502 272365 103111 222208 207409 148099 172867 127252 274861 130270 260686 233107 234502 118015 99973 
42, 4.330410, 99970 180904 187465 182842 264238 120385 123898 237586 171301 109456 211051 156178 274168 188206 99973 
54, 4.799994, 99970 140512 189739 160714 94690 168859 113239 179332 168694 271801 102661 213433 118891 107290 172189 133192 99973 
55, 2.834855, 99970 172990 233074 98659 148255 162388 256645 124579 255886 99976 
66, 4.538966, 99970 126358 249754 103351 259489 99589 181369 171769 105868 123742 212674 242059 245686 195121 133753 99976 
75, 4.508791, 99970 213793 166825 269737 226426 130954 156286 152536 227860 149119 273925 204238 200674 143449 227206 99973 
86, 3.228756, 99970 169978 108994 179035 108373 103294 220624 109432 139366 254458 198166 99973 
87, 3.304363, 99970 141688 184147 234175 253012 190807 143449 170368 172495 177940 134704 99973 
106, 3.684821, 99970 257185 268612 148843 255625 147466 93445 84736 251863 146728 263143 84544 99973 
107, 1.487405, 99970 109987 218194 197008 266662 99976 
121, 4.472907, 99970 206032 230530 134413 206299 263443 203125 234628 236965 252538 216010 194305 135553 159376 263764 99973 
130, 4.560204, 99970 256246 103291 141568 203791 123646 269290 261949 204004 153901 264922 165859 276994 221824 196810 99976 
149, 4.101554, 99970 271180 189784 254728 136198 208627 205873 179875 135352 246040 94840 182533 264811 193231 99976 
157, 3.502349, 99970 237889 237346 94186 164311 175048 236749 164383 104518 217918 158608 123073 99976 
170, 1.629671, 99970 91717 138937 109798 157903 99976 
175, 3.340709, 99970 202777 226153 188383 148879 128179 117190 252574 188263 206569 98824 99976 
reading frame 457650000 failed
exiting loop at round 190
