./pathfinder.out -pdb ../xtc_reader/final_solv_ions.pdb -xtc /home/work/aapomalk/proteins/complex_iv_monomer/separated/final_no_hetero2/sisu_trajectories/md.part0005_clst_cntr.xtc -par ../tests/parameter_water.txt -start 99970 -end 99973 -end 99976 
pathfinder started
reading parameters..
using: angle 45.000000, distance 0.400000, domain decomposition 70 70 70
number of vertex definitions: 1, see them in file ../tests/parameter_water.txt
reading pdb..
reading xtc..
starting path finding

step, length, list of structure_index
0, 15.715513, 99970 270433 223273 138319 187285 205066 218902 257341 122989 112180 221242 160135 96871 123286 115732 90652 249760 241471 159979 104569 145633 126244 137473 90007 232717 225046 112678 205519 249349 210073 139408 87697 215101 221371 148558 109279 139933 258934 147805 213190 110419 178480 171673 162463 221485 182881 127486 220432 253726 268186 115792 127963 118489 99973 
0, 6.800998, 99970 270433 241801 240910 214528 92554 112474 96718 255367 231811 182794 171238 259366 99745 170566 197245 140530 275416 258862 273736 163135 223699 221266 99976 
1, 14.800037, 99970 134860 251410 145441 231136 84223 237883 133252 211291 261442 193051 230605 96217 268696 131584 144784 104290 208753 105283 225544 113173 270082 233788 243733 149656 241720 192127 188353 259195 211027 276142 201268 165673 101974 124237 94342 203158 212191 143626 124606 182971 163537 212854 210934 253216 174883 247384 142429 253699 239347 99973 
1, 12.293001, 99970 134860 251410 145441 231136 273607 88126 175024 209854 266236 237868 235252 209053 84178 89059 251887 147481 152611 154486 144409 116608 259645 252883 130774 125818 186031 150982 95251 179917 94765 229168 269875 182836 247291 160906 198145 207232 133348 229033 210235 99976 
2, 8.636038, 99970 99310 209584 128338 135916 220372 212548 140560 181756 195802 226600 153343 115636 205993 261649 225199 194512 132577 171550 176050 109672 88504 101725 204571 178585 197890 182854 210757 99973 
2, 6.384157, 99970 99310 209584 128338 135916 136945 106948 117088 231709 183529 198922 275368 253807 192310 253156 277579 163120 85630 247915 265279 170698 99976 
3, 12.620659, 99970 175687 107515 172972 211597 220543 153151 167101 223774 229255 266401 157951 119779 196030 186868 184981 251416 224776 190234 210559 142243 96646 148114 145906 240547 199273 124156 172798 248272 240511 101668 271090 250984 256381 118960 256261 165463 126214 86491 264673 254644 264613 99973 
7, 4.854537, 99970 104638 273241 236989 148570 157051 256423 196615 176407 215599 89368 151381 137641 212434 107029 135187 90790 99973 
8, 10.444977, 99970 179803 144256 185914 158467 108658 257857 191656 155131 143950 276613 176797 258682 100990 245725 270022 193675 199480 188095 141706 161188 139414 205219 132868 209338 156673 232750 180136 126934 270244 141892 152866 153469 243136 99973 
8, 12.930603, 99970 179803 134974 138565 125542 98734 236710 246463 89983 174391 139294 204844 240415 235408 85987 102946 213478 267724 230635 192643 164134 206734 148327 88375 195067 185752 190864 125236 119305 154780 209359 102250 155971 148945 133183 152704 208192 112102 146215 139066 107551 135199 170128 99976 
9, 11.098818, 99970 180433 101149 91174 216856 271621 87949 196687 160633 275989 228970 182209 149155 129721 130612 216190 113671 132511 234115 209938 127225 243052 233443 113056 208090 251212 255622 249343 240469 180790 277264 253171 156679 248545 240106 158953 270691 164791 99973 
9, 10.815769, 99970 180433 101149 91174 216856 271621 87949 164329 217822 103945 137068 169417 201013 132178 270874 109456 216814 146569 277765 163525 187519 160093 97873 115366 127228 159616 194602 132463 268045 198586 136315 159337 184249 257788 236875 230902 99976 
10, 13.986863, 99970 200851 89695 151033 202087 267496 133330 176032 109552 225271 91096 127159 226114 146113 145813 264406 165229 158695 160216 200821 160591 253645 269248 163684 200791 266305 253618 271279 147853 186238 117355 126694 110671 84946 269539 261949 135001 85555 187183 213466 194500 250915 233665 193816 136675 90025 214753 99973 
10, 8.551755, 99970 151459 162553 188200 269563 169963 266104 96718 106186 235423 147928 232048 141088 127165 170083 99655 214984 244156 193966 163165 196054 157963 161725 123622 239347 267724 114718 187948 99976 
11, 12.020006, 99970 197827 273592 251854 128101 238330 154084 98566 246649 163042 86077 217225 155479 207058 108844 235909 109429 183202 207778 170491 181756 246220 105448 228823 273253 198301 136486 143371 134590 167593 277636 228430 234766 152581 180859 237388 253534 167998 99973 
11, 11.097384, 99970 223102 108289 172636 157078 265963 164647 123670 195688 247447 183817 134197 129748 117127 180928 98362 132427 260074 215038 147622 256984 201349 150148 147190 246403 85162 255373 136948 143170 143998 260443 223420 254236 110980 144907 171553 99976 
12, 11.318970, 99970 104869 111721 214837 203230 257227 175753 108157 145669 176233 191416 216958 243580 136618 266149 100303 216424 162169 98602 98413 178129 230482 110041 275203 243925 272089 94057 233164 257245 191563 167788 172057 271177 188428 107059 185722 99973 
12, 10.116496, 99970 104869 111721 171271 176533 171166 98020 267385 140866 154336 232522 162763 140554 206104 272599 220978 214510 106858 202858 137701 222244 137500 181108 165139 157651 124336 192778 181348 117889 265939 184240 248377 112702 99976 
13, 10.937291, 99970 110743 270118 237409 262222 120340 259846 96370 275998 93259 157333 248743 145339 254308 205795 133285 220336 190201 204823 240880 198781 134971 138247 161785 140374 179854 117241 212413 190030 199306 198994 260308 180313 218182 250597 161233 137143 99973 
13, 10.347884, 99970 110743 270118 237409 262222 109753 144301 215209 91675 197329 219994 171088 229282 116878 250585 213478 177460 89959 176893 263569 142000 231763 160153 140623 230890 106714 215650 107704 265789 110233 154852 146674 169603 137575 196594 99976 
14, 3.102777, 99970 149749 243154 238045 105145 247090 157420 179329 103306 105712 92800 99973 
14, 11.370467, 99970 272887 268129 207367 212569 84856 94675 263686 114427 258316 84931 131083 210946 94555 149311 153343 168610 136546 105919 258265 131227 209875 256171 239635 101839 115744 139072 164725 111745 268408 121990 107995 158704 150217 93181 125404 122119 99976 
15, 13.099448, 99970 235762 223471 124612 160012 85750 166903 268150 273757 260551 216538 243301 213505 226345 212932 254626 222877 269389 162625 131128 253264 92023 85186 87565 262978 180823 255730 221890 188251 237232 217768 224359 210880 158317 224677 133258 250681 85588 144751 268312 151651 124303 153802 99973 
15, 6.095692, 99970 235762 91771 201808 153055 144670 87538 252583 217474 186169 106600 157489 162715 229609 120931 254239 215419 137164 107434 197866 274864 99976 
17, 10.768089, 99970 229852 136693 245389 269851 235039 194380 106204 86269 113740 177064 214654 166705 273628 237457 233728 115729 268942 201943 90430 274957 269968 204517 262684 124642 252484 146686 217930 201721 133147 207895 185488 225406 171139 184336 136261 99973 
18, 10.619381, 99970 188527 194233 100630 253096 243580 88213 243148 140359 98941 160279 124090 196051 216979 211597 203143 175807 100033 167638 111796 250582 153922 257611 269578 251761 154465 118615 226351 89023 190684 254071 115597 245776 211744 214849 99973 
18, 10.938854, 99970 188527 194233 117346 117214 174394 151807 183355 216679 136972 132652 254293 239182 269665 227536 245092 120463 271906 194788 113485 168151 159175 140899 131797 140014 243712 259687 266956 93181 94459 239887 166846 178321 228949 206218 99511 206749 99976 
19, 10.795058, 99970 255601 216679 153157 243238 258139 253216 115999 265582 105526 206587 201100 245344 158218 264850 239755 241363 160789 275872 199852 158524 162829 138094 257173 224701 113302 232945 244783 267838 92749 231646 255061 96661 199897 240112 96112 246556 99973 
19, 10.419936, 99970 255601 216679 153157 243238 258139 253216 115999 265582 105526 206587 201100 245344 158218 264850 239755 241363 160789 275872 199852 158524 162829 138094 257173 224701 113302 232945 244783 267838 151120 127000 181501 91831 98098 126247 99976 
20, 13.052435, 99970 160741 135817 135313 180763 98680 263215 255052 170032 122476 91063 180850 223306 178885 120994 267862 191470 205378 197620 275290 164326 132910 98785 107422 121207 129733 224392 276514 189346 255556 97264 221800 84115 247078 179269 209953 224011 142018 104584 191206 206644 275041 222643 160246 232072 99973 
20, 10.060092, 99970 160741 135817 135313 180763 98680 263215 255052 170032 122476 91063 180850 223306 178885 120994 267862 191470 205378 197620 275290 164326 132910 98785 107422 121207 129733 224392 276514 189346 147514 176203 189517 218722 199492 105400 99976 
23, 3.750419, 99970 211021 276538 209494 218347 229612 92716 199795 247684 87394 183628 125308 99973 
24, 12.658317, 99970 129235 201229 122659 171013 230626 102952 233509 216409 103513 140209 103174 268540 115840 259447 200908 272464 225946 168160 218944 124936 244156 194539 229279 134725 231016 224392 109918 141703 135784 90046 220819 232186 190774 202579 118420 92998 261604 185740 176587 263650 169885 99976 
25, 14.755102, 99970 191305 176989 246619 244939 231301 186127 163075 142261 137818 116893 183610 259780 205114 246913 104665 153247 94267 133150 169615 145357 185245 87385 185941 129571 171691 205240 125521 257587 172702 88612 202672 187126 104716 191131 229957 187141 197476 182539 135544 238414 230080 272821 171817 260497 272143 243703 158587 116191 99973 
25, 10.542941, 99970 191305 176989 240970 202000 226261 236011 148216 140737 267067 94993 188410 169519 169933 264445 112318 230101 113104 243421 178384 229105 198001 133123 274891 271675 125560 246004 216346 203851 143725 156859 168706 268561 214969 99976 
28, 8.796188, 99970 175549 218476 165871 261328 113194 94492 197332 177199 125977 105025 153175 160678 268291 94162 223732 264502 272365 103111 222208 207409 148099 172867 127252 274861 130270 260686 233107 234502 118015 99973 
28, 11.219023, 99970 187054 122350 267646 92749 266584 272224 172144 218569 221107 180583 190654 273037 192373 236296 257197 202555 112765 270946 96664 171130 156211 257776 143320 177316 116026 165181 145372 230239 215809 195346 236041 268846 139351 122668 133960 99976 
29, 13.134081, 99970 132052 133369 85714 259792 181966 149593 205954 212497 104188 235273 246226 88732 223315 228220 273142 130141 237760 196057 141415 93334 195817 200488 103570 153664 163597 96220 104371 254968 208522 115627 171199 195232 263719 183322 123040 147019 260848 219388 259459 225667 188590 142321 99973 
29, 8.781518, 99970 175954 185935 185683 150838 277105 195139 272074 87316 202675 150277 214912 184888 230944 268066 169105 236161 93604 134542 156109 273751 254044 165103 198778 100282 182974 217624 197185 170581 99976 
30, 13.229014, 99970 273730 106489 222337 102637 89116 161926 156559 247474 274078 176380 118549 209134 243835 164398 122503 176764 181540 100819 200290 86824 127933 152716 189430 115810 234586 100588 246190 133111 136117 100921 240421 158404 239209 271000 256024 100555 140728 270331 148912 227158 113542 182920 192622 217492 99973 
30, 16.340074, 99970 275272 158848 145108 96826 178489 182740 105694 124267 266482 184201 184780 138886 136732 107233 114409 225004 270958 129610 165226 156538 205171 174106 94108 231076 193900 237511 233866 257653 270094 108334 263734 254044 207229 202912 272800 124336 251449 206491 136759 211939 130729 267157 243124 95923 200185 144739 141979 255040 259864 267139 243424 88249 215785 161116 99976 
31, 11.189181, 99970 240661 190765 256228 268546 231235 263962 139363 154861 228226 126157 119656 176149 127456 176662 234880 170641 268570 258196 104992 145786 162391 130462 110710 215743 243928 178402 200224 231190 241516 268699 91783 157537 237832 89617 127420 240847 99973 
31, 10.823754, 99970 230995 235108 225628 198451 218971 249733 222355 96193 106246 145645 216994 222082 227536 268582 233620 171466 203698 253756 223165 154837 180304 115426 176926 98167 263740 209059 245473 91501 175696 127441 276811 238291 132565 265606 99976 
32, 14.023485, 99970 171667 173746 127675 201037 232306 134512 147508 84358 238498 93151 131542 218821 222022 107998 193615 231379 232600 147691 189448 209674 218503 225061 129241 106606 191458 97873 118615 266809 207448 196900 104035 259342 146419 174880 163051 99703 189994 246472 210121 133576 215476 198307 90748 140857 260317 99976 
34, 14.234558, 99970 137704 164701 195574 93112 87211 120697 213874 137491 110410 84325 197905 246100 255469 103777 264856 131104 114661 194035 161467 218275 125140 169993 95155 269500 181522 208573 207112 95683 87388 115264 169228 230215 148051 256615 241996 124828 144187 200635 144586 129892 121522 90148 128104 110863 118240 266125 99976 
35, 7.637766, 99970 273592 237409 117454 125815 266881 160045 155314 207262 209644 220015 175231 96886 234742 252550 258058 181084 227851 169336 211429 114277 95572 151366 254875 190369 206416 99976 
36, 15.980217, 99970 191698 154039 277612 186397 172591 192481 165313 125197 120259 274366 274549 88150 199045 268864 100864 179341 119437 146836 237454 86404 86809 87973 265216 207067 188104 155764 161656 185320 114202 238972 153004 238513 150025 150058 266299 203719 212380 130948 227020 95545 121357 259183 228622 145576 272617 188893 271132 102016 199543 224848 196603 98572 99973 
37, 8.595137, 99970 170728 177118 85984 204052 261238 98998 153358 84241 212323 155653 177430 90703 111859 236497 272893 166093 262234 241975 91552 276484 125371 179323 218311 164485 189382 149530 99973 
37, 17.040257, 99970 192658 266092 146650 257752 111154 209005 178666 101464 237571 139996 182023 190489 96607 176896 94711 243643 140836 143062 227674 142474 228667 260644 99265 220156 254887 198088 87727 169207 219601 249313 190792 168094 111301 136216 209740 98092 260080 131542 146161 141871 104467 104653 156478 258754 222997 264361 251830 99964 224872 258652 161578 191518 272293 87976 99976 
40, 10.190921, 99970 94576 169732 124864 205339 188494 171721 184741 227482 112540 232174 260167 91342 232975 269614 254284 90481 227977 240433 194323 215413 267043 101446 217057 100951 204457 263479 239851 173515 157084 191302 214837 186862 143062 97849 99973 
40, 11.231410, 99970 94576 169732 124864 205339 188494 171721 184741 227482 112540 232174 260167 93076 92380 265024 245467 139765 212329 162556 107104 91189 192067 196603 272707 94999 180886 272503 164107 236218 151678 255859 109588 127906 118666 242767 259633 190306 99976 
41, 4.477928, 99970 197227 137143 269614 180451 128785 210403 148561 143467 240037 209311 254830 241684 117778 249568 99973 
41, 10.886276, 99970 197227 137143 269614 180451 128785 210403 148561 143467 240037 209311 254830 241684 117778 249568 212623 102490 136906 94732 178669 217057 248488 205225 183601 146206 143416 223651 219472 105406 214642 272287 220447 126349 157819 85651 143521 99976 
42, 4.330410, 99970 180904 187465 182842 264238 120385 123898 237586 171301 109456 211051 156178 274168 188206 99973 
42, 7.530814, 99970 180904 223660 214909 225511 197116 237544 245842 130609 126343 146020 153049 181753 271525 191494 246862 233500 102112 250828 161527 212716 195145 180856 205888 99976 
43, 10.231659, 99970 249961 144622 222760 247747 219436 163906 277168 196342 193525 126127 118672 139906 205030 156949 99067 137923 200128 154042 138118 212452 245326 113626 91411 169498 127639 263851 128617 237841 187528 184546 225148 107794 274261 99973 
43, 9.337490, 99970 249961 144622 222760 247747 219436 163906 277168 196342 193525 126127 118672 139906 205030 156949 99067 137923 200128 154042 138118 212452 245326 113626 91411 169498 218086 235582 123481 205864 156262 183151 99976 
44, 8.612428, 99970 139306 266938 138484 217801 169714 244060 197407 156541 265891 99919 84823 130300 270622 194146 149632 243217 159283 268822 218896 89884 117748 155566 263293 263698 104296 230830 128395 99973 
47, 5.175291, 99970 111811 140296 139876 235210 137890 211837 205975 247054 251158 270166 265645 99220 107707 180199 157495 273157 99973 
48, 10.909138, 99970 194377 226912 102322 122767 268873 224578 209827 264454 91465 164668 122584 240367 154495 209050 268705 164848 245041 217993 165898 185686 144718 141523 216568 113764 220846 161095 189367 86137 91846 186817 237775 172288 211531 273055 158869 99973 
48, 10.781537, 99970 101773 275896 127786 167674 232291 207637 157258 92023 202540 112342 251329 184117 247021 98086 114982 129463 110737 93415 206455 175387 195121 213931 161623 123901 147298 99631 198337 151342 182887 183730 200809 226945 110971 99976 
49, 7.915758, 99970 104857 104905 126070 257035 183571 202309 271234 265477 145066 226414 198037 94144 159736 259735 90253 170593 103564 199675 222853 247732 268225 156016 97903 231346 134869 99973 
49, 12.507770, 99970 104857 104905 126070 257035 246172 258136 196561 213250 86746 126367 96601 274513 245992 196429 180028 96874 134176 133654 96115 151834 118021 88138 248446 129859 261289 149677 253762 176857 166738 268477 109468 116818 221524 111559 190060 271393 125260 198448 267889 120310 99976 
50, 11.268042, 99970 134164 213010 245452 159877 108919 237361 206170 135151 248770 196189 258505 145792 273091 120385 171985 88540 208978 122029 196993 124081 101398 142990 140461 150340 188563 96283 156889 221224 90280 163015 112789 167419 167056 190909 211318 169681 276025 99973 
50, 11.807402, 99970 172108 267124 252835 148333 241183 147862 277651 129028 151396 138469 136102 141817 151744 275095 239941 245041 161176 91369 131317 105175 238498 192157 168373 90169 155299 130477 148957 121543 142120 205954 246112 242947 138706 155740 263581 165301 233953 146920 99976 
51, 11.246440, 99970 161398 262381 97027 169687 123160 157987 118525 117526 157138 199849 119152 219445 225115 166705 238603 205519 126280 270133 105739 184690 202693 89236 192985 113515 260344 208021 112375 226450 178825 137602 125014 257887 258682 245227 168631 197140 99973 
52, 16.708678, 99970 163528 221632 103450 150982 212305 167989 257920 271990 133714 205594 135043 126178 271024 181606 186952 252142 272170 133753 111514 132550 239584 146599 124423 94690 108307 112945 262954 134800 235987 99832 250123 215626 124303 159268 92443 191326 253336 240592 207253 136519 117754 179473 196285 148816 264115 241693 163624 244183 99289 254002 132370 253087 222187 235153 130987 99973 
53, 11.710916, 99970 148948 99121 99202 217423 189274 270985 91900 208657 220027 264835 129868 216025 135910 239026 267847 227548 175603 136792 184705 92716 172090 90022 252022 155620 222487 118336 196138 248458 198943 112714 89632 146761 205528 200674 243745 235606 85363 187288 99973 
53, 5.789471, 99970 148948 175420 188842 194548 91027 207811 181240 195115 108403 96589 137497 127984 137470 248083 132931 87331 96781 139834 99976 
54, 4.799994, 99970 140512 189739 160714 94690 168859 113239 179332 168694 271801 102661 213433 118891 107290 172189 133192 99973 
55, 12.059272, 99970 172990 233074 98659 148255 162388 182458 167986 86731 239101 244534 116461 194479 227416 201418 171013 156493 175867 275767 104167 111406 258340 151261 196639 211132 180307 179686 245098 249190 87763 84379 221008 221683 256897 219925 139414 154150 173404 254899 99973 
55, 2.834855, 99970 172990 233074 98659 148255 162388 256645 124579 255886 99976 
56, 10.952445, 99970 137263 226975 152464 99217 132619 173227 206308 208240 253156 210685 158131 106885 263680 193327 95206 155620 106006 122581 135931 187027 274819 91954 252154 222475 210733 255940 172609 259534 188920 204196 176710 220987 85417 198790 99973 
56, 9.994397, 99970 229774 274927 164497 262087 226600 169465 192778 173866 267466 268795 190453 159706 225484 165160 98599 93814 103618 253042 162652 193684 273100 189400 261958 272839 146503 103036 92386 203830 173002 227371 84889 198184 99976 
58, 8.640444, 99970 136720 179554 211417 222205 275947 261616 163351 178333 266608 99427 108757 229111 120544 132310 262726 228997 189832 183733 123154 164944 120574 154444 238228 150322 122308 276142 101380 160597 99973 
58, 11.222360, 99970 228208 213157 205351 151834 150562 222289 148048 182647 104401 175447 111523 137443 264490 164125 161281 99097 242065 248425 177271 210892 100714 143473 179983 146728 121606 115678 95749 249943 274945 204328 130111 222517 172747 104785 271078 88882 149815 99976 
59, 11.418651, 99970 132997 246550 152284 89614 195853 244942 250879 201568 145927 166414 91465 116968 244315 242872 144856 243277 209563 227188 101641 273577 254413 273280 167530 113212 214606 168553 93190 240478 139942 246490 183940 272905 195925 107425 243646 88708 99973 
59, 12.936280, 99970 132997 246550 152284 89614 195853 244942 250879 201568 145927 256573 85354 256624 185656 122773 237916 133708 176320 105325 241099 101221 170932 100486 269869 158122 84412 167224 222427 269362 190822 256123 91084 204034 272335 172597 167212 228676 150775 125419 179449 114319 256009 196927 99976 
60, 11.607901, 99970 130942 269428 154939 268174 226267 162343 145651 245785 237118 166093 268630 145957 161314 176848 155539 113902 203854 202417 204247 150805 160864 156994 222085 211693 92842 224008 103939 160738 193945 152764 90760 120046 207292 150688 232948 266761 195316 99973 
60, 16.981378, 99970 130942 269428 154939 268174 226267 162343 233149 190867 264304 95086 87376 139345 177316 114514 143800 196465 218686 219886 122215 182155 264313 142870 198079 211852 199687 94636 194410 231976 203641 84274 153100 87685 181399 133024 105694 157615 91243 103477 107371 251224 175858 124123 101119 196294 96277 131290 183586 126964 120199 134221 179713 191578 157198 150067 236050 99976 
61, 7.229499, 99970 179275 94189 224704 256114 139741 274573 246970 158047 245473 202681 131143 131095 163519 276352 272161 90928 103000 195478 271633 212491 128254 171145 248356 99973 
62, 7.691434, 99970 240019 111028 163174 239443 92821 156193 258271 235882 109420 152614 121018 177991 205153 125287 204847 112795 224338 204520 89662 182350 254302 267196 213955 187192 99973 
62, 6.314386, 99970 240019 197248 197311 255952 90643 133294 96520 224284 200464 192538 189415 112702 269593 240757 209410 191551 132556 105409 146035 192853 99976 
63, 5.707441, 99970 236839 118615 143488 261466 210799 125587 114925 96280 189850 85765 150847 225916 91024 262627 263581 215314 194851 99973 
63, 4.723224, 99970 236839 277423 125434 94582 183280 138190 102766 94753 246076 120616 118801 160603 147244 173083 270922 99976 
64, 8.913745, 99970 93736 90772 275173 226765 213412 177847 160498 119476 214078 84295 162697 225310 254806 120886 137872 167179 116692 205423 248005 177379 145567 198229 101695 122317 138325 273982 270775 166444 255244 99973 
64, 8.390028, 99970 151114 228562 241681 211060 176032 159169 214693 173671 257947 134488 255625 128101 128977 158581 202708 103285 192196 262495 254452 263620 140812 164824 146995 210169 101188 228187 275500 99976 
65, 11.454097, 99970 224386 277657 265384 173068 133282 226648 198433 231886 209953 277180 264493 249712 188071 139783 127561 128341 130492 123640 144061 102346 143302 239719 90448 198511 186463 277294 162670 114898 277471 159787 130081 222922 259327 145570 276442 117493 153385 104683 99973 
65, 6.868093, 99970 224386 250699 96538 140791 218845 216760 229804 181198 192292 220771 253774 123283 91399 265477 143593 254470 140497 170938 223333 164044 148090 99976 
66, 4.538966, 99970 126358 249754 103351 259489 99589 181369 171769 105868 123742 212674 242059 245686 195121 133753 99976 
67, 9.812378, 99970 182314 187939 273298 167452 96550 213601 182644 90814 195754 265696 181423 183517 275929 87610 108289 269125 258949 161974 228139 168772 178699 139054 267499 162664 162847 263173 200101 222610 110101 277675 114721 220732 99973 
67, 10.316336, 99970 238057 212467 98587 196396 236260 277108 270001 146665 119413 88603 146083 162682 236275 238237 93874 209092 122440 213676 277309 266476 238333 245566 110941 202945 222946 217228 156703 253903 193000 236290 86122 271519 199009 99976 
69, 6.622928, 99970 130054 146884 162103 243547 273829 141631 156895 111142 231379 271477 251287 222670 203362 143956 200599 196822 109339 262075 122203 228715 99973 
69, 8.974899, 99970 130054 146884 258712 223495 90175 184741 123208 169327 249766 249151 181720 94270 95590 111208 274804 168364 90361 119305 270037 118360 173557 169969 250681 187225 109210 273106 245893 101263 126589 99976 
70, 8.891394, 99970 212524 185164 135565 236842 221818 171151 269680 265612 229657 201226 204274 179224 137755 239182 252223 199018 210472 244582 183649 211480 187870 217105 133057 153763 182035 134440 274837 147838 99973 
70, 12.815969, 99970 212524 241171 164596 184564 202567 95431 140062 132766 167908 208981 214690 251632 228181 238852 133978 102844 224995 123034 214969 88189 239773 95623 257053 164515 269566 173980 265891 110536 201274 92545 210328 183490 240727 152578 243238 230140 98839 256837 136666 192505 273751 99976 
72, 11.995596, 99970 272773 146596 105079 173995 176533 137251 150934 105733 186547 175249 143953 110536 274066 235948 204304 193708 243514 103591 157681 126316 127276 214324 103912 207964 132619 232132 159373 167005 127066 198700 100816 156562 127834 107242 190825 131959 171322 190798 99973 
72, 12.634253, 99970 143821 105889 166321 127387 87562 160960 182692 230449 208786 183484 176146 250858 94195 168343 173692 156937 229207 223090 154117 148906 267970 222613 255829 255196 96151 258895 106669 212266 191986 258568 210565 159649 145936 143101 200236 256963 87109 228130 157837 193921 109387 99976 
73, 7.895252, 99970 190435 87244 274009 242293 101119 148357 172978 205525 203758 142279 113200 235810 147538 121819 176857 125101 172594 93523 184483 128266 106039 192550 182191 236821 167143 99973 
73, 5.888092, 99970 166186 233347 103837 243421 261442 139147 226198 168418 204781 209083 263761 156958 256366 214162 94033 191170 225586 107782 99976 
74, 12.181870, 99970 231913 93172 150448 150655 151069 104044 166273 170629 177769 151684 207274 214891 167563 170224 224566 235681 229945 241132 188563 181153 149182 230182 163717 204163 168757 155035 161704 115246 139273 99799 123352 249394 208234 104827 242572 85204 200266 187168 226519 252808 99973 
74, 9.800443, 99970 231913 93172 203689 257455 240892 248785 180745 237673 214993 84640 135610 127120 243784 223402 241126 193510 126058 200569 169471 274285 167572 204487 134908 139288 160054 188653 258130 111949 191746 89089 108055 99976 
75, 4.508791, 99970 213793 166825 269737 226426 130954 156286 152536 227860 149119 273925 204238 200674 143449 227206 99973 
75, 8.879419, 99970 140011 252529 164575 212599 238564 249892 226387 142288 119197 194050 201145 240163 205888 271021 267223 179692 117064 109531 138166 186550 114745 254371 272581 142672 115189 113392 267286 99976 
76, 12.854009, 99970 102709 178708 148741 154393 117538 236290 173092 225370 239605 145630 272371 120649 128227 250459 152812 216076 246253 191131 160849 250102 154714 248119 253045 156949 230149 274504 182506 171466 271600 271519 143482 258226 167188 141430 209539 196480 153175 92221 122539 255694 258490 181021 145078 99976 
78, 7.904447, 99970 260029 227329 256735 161974 263575 150964 182167 124588 247303 88702 187885 102256 143401 99091 240715 247612 213904 272602 272287 269176 119968 113932 211402 263605 170749 99973 
78, 5.972330, 99970 260029 227329 256735 104374 254635 118270 218806 86047 92356 248986 220183 121381 160297 219634 229363 249619 126286 113878 99976 
80, 13.242468, 99970 265828 86713 93991 258868 179737 244057 212161 244984 154555 226300 188683 97447 213646 130456 193714 196375 197368 256717 133912 125020 97186 264145 224239 107308 227140 108814 258247 234460 168424 113935 101398 158689 239845 223771 236497 200296 146083 154756 230800 133858 228436 126472 99976 
81, 6.764751, 99970 252124 93655 173050 176803 205900 173278 252193 256531 150931 270199 167485 261229 235327 195037 125092 178171 243937 193039 183997 179170 171562 99973 
81, 8.252006, 99970 252124 93655 120631 191536 233227 240709 249490 272674 184720 259372 252778 228388 202429 234190 266659 121270 224152 189574 89716 236455 104332 213799 267595 195646 213901 202918 99976 
82, 7.298689, 99970 93736 216829 88660 184891 236050 107029 158443 163438 232819 155287 152245 132742 188026 250111 186346 203959 187408 203356 247807 118852 93247 256456 99973 
83, 10.989550, 99970 103603 150733 155449 194053 86716 106273 153481 166333 242608 179911 130267 217567 259129 234715 189517 236533 92404 91009 100114 158890 203620 190630 116668 99595 236869 205057 252658 239626 233965 251488 166783 223906 192421 189430 213346 99973 
83, 7.973871, 99970 187534 165592 123733 266899 272800 277915 99373 183466 237889 213175 175081 131758 103072 126481 123619 108631 272734 197818 162064 156850 120844 229678 222139 98989 100945 164581 99976 
84, 10.579800, 99970 168295 174661 97672 212434 88690 89884 135001 140092 88534 127798 186061 171457 239794 241996 167497 179986 108853 276811 275050 253774 132988 208264 174526 254827 105376 121702 92848 273739 102574 243580 168073 274270 87160 164755 99973 
84, 7.829317, 99970 168295 227452 143368 220495 139156 264526 168232 115471 143656 109123 84886 149554 274177 123721 236860 102607 273757 84412 237052 176353 277477 208657 185344 173113 119875 99976 
86, 3.228756, 99970 169978 108994 179035 108373 103294 220624 109432 139366 254458 198166 99973 
86, 12.807024, 99970 233632 232708 262732 138448 185734 174556 195733 105682 148684 201277 172435 205663 217198 161131 231355 186172 228817 252388 244126 97411 201271 150889 255568 237106 230485 242500 274249 137731 221923 189964 211327 196765 137356 272005 185383 227749 101101 165844 128140 128521 189373 209266 99976 
87, 3.304363, 99970 141688 184147 234175 253012 190807 143449 170368 172495 177940 134704 99973 
92, 5.299692, 99970 267241 129439 177226 222874 221371 248644 165856 243844 229999 177976 136048 103177 132766 139567 228013 210586 99973 
92, 9.109595, 99970 267241 129439 210565 115846 224701 153544 151327 132886 166141 130693 106945 168484 93652 236935 167746 154759 125047 106066 147973 260311 234475 263263 190207 174709 146809 109411 134479 175654 100978 99976 
94, 4.971557, 99970 152299 118567 205729 164734 103951 116512 207646 210976 205642 155401 95146 267628 212638 196948 220369 99976 
95, 6.409458, 99970 234424 226576 173170 223039 118435 191929 204685 214222 171001 100738 220678 167464 164521 126037 94075 277582 106195 264037 227545 207727 201853 99973 
95, 6.627096, 99970 102058 164551 122680 127561 259354 262573 165340 176437 220357 114259 212962 263527 270046 110560 90367 235201 86029 202093 87079 235534 99742 99976 
96, 6.620977, 99970 99865 102847 208642 253687 202747 186253 178621 116248 184084 125215 227719 127906 98596 186964 194902 101740 109003 239146 201952 237550 186544 99976 
99, 11.885754, 99970 158071 97894 193777 103354 248269 110563 251068 130534 184078 174340 247522 162823 187336 243328 235762 134344 215404 277483 254110 104962 218284 197956 95278 210736 92989 224089 200005 169513 113293 266194 133027 270703 157972 255049 164341 108622 183541 191236 198637 99973 
99, 11.977476, 99970 158071 137452 189136 109909 142870 108067 240412 267340 116197 109993 184981 120544 196531 169747 107344 208972 174904 182140 276253 229585 237739 180556 186460 191704 114271 92002 177463 233881 188176 100216 90457 252781 192910 141187 277642 119218 120781 88837 91552 99976 
100, 14.111028, 99970 256711 262108 144577 272695 149383 98362 131614 105010 241834 198130 94915 162982 197857 170842 88471 106207 183046 255313 130081 231358 154585 243088 108064 206638 173572 175663 220588 143833 184531 116209 119683 88441 121078 255160 184222 218788 276451 135211 157864 110791 260950 199267 117442 155668 249115 99973 
100, 9.398818, 99970 256711 262108 144577 272695 149383 98362 131614 105010 241834 198130 94915 162982 197857 170842 88471 266767 225490 270736 271234 215686 115084 175468 253699 242698 225091 83986 110755 277372 98728 99976 
101, 12.813503, 99970 207166 108241 128068 236110 254437 178501 172165 191485 210325 154372 92908 132820 130183 102943 84982 256153 164389 240406 154936 134254 149596 108655 274678 180217 145582 182830 161326 141190 132199 144148 141796 156307 156025 116587 227074 208834 252040 223612 161299 238270 165574 251449 99973 
101, 10.516359, 99970 207166 108241 128068 236110 254437 253345 247291 226264 259039 93979 214903 145099 161647 192271 120793 233941 184435 264778 203656 270856 198949 210280 98047 145636 128572 249211 217048 129721 188317 182659 275059 192253 181324 144463 99976 
102, 13.651156, 99970 100372 127051 204523 85261 137221 252634 109810 251794 193591 243217 92767 245917 252424 87013 149716 259558 240028 255241 231910 84967 164731 214078 143767 229282 229183 144907 126187 242557 162868 86299 174097 276703 191461 261364 150988 238939 183022 208669 144238 115336 87478 265906 112399 87892 108895 99973 
102, 14.998064, 99970 100372 127051 159376 233821 166297 94882 251047 147421 263512 254155 147631 119902 99151 189772 121609 249670 141601 173368 210922 206647 225475 184951 274540 244459 127858 252556 90304 122059 204670 102097 208474 202180 176668 206656 150322 252757 231469 127327 199276 146284 136348 126670 94135 123967 131071 96868 142342 218488 146587 99976 
103, 10.252997, 99970 190225 237226 268606 111235 167182 258715 135424 217600 246877 238609 269371 138628 240514 148033 176755 162466 132148 84034 193240 143731 254380 138424 203617 164476 117271 270541 253972 170125 167506 111172 253084 151945 99973 
104, 5.291018, 99970 271477 246052 184072 101101 106861 151057 233497 152374 172855 203233 249064 183055 232510 192004 256405 256615 172153 99973 
104, 12.338037, 99970 86824 214039 234094 206275 93532 261628 106015 141853 211591 106393 176497 147295 199903 262627 217399 265777 275074 169459 241315 95176 128866 242488 144397 186889 236524 154642 199957 113983 231025 95203 257263 261184 219016 101677 215443 160819 210151 172249 147736 114454 99976 
105, 7.978535, 99970 205933 189145 111334 160498 228832 174685 134965 199558 254935 184726 270682 228649 157465 103165 163450 136744 202702 213727 180376 167287 237610 116569 165955 126673 255796 186883 99973 
106, 3.684821, 99970 257185 268612 148843 255625 147466 93445 84736 251863 146728 263143 84544 99973 
107, 10.320812, 99970 109987 125362 253915 166066 128524 274705 119482 200599 209623 206890 91870 132412 189433 117406 96820 251443 173260 124480 213016 136603 122029 255724 196435 128800 211006 206818 105211 237820 247426 179833 222889 259246 185557 99973 
107, 1.487405, 99970 109987 218194 197008 266662 99976 
108, 8.518234, 99970 208651 85888 258931 262495 141610 264244 232441 114055 240079 193534 261961 275800 244321 164305 102859 181357 110059 257422 229771 132337 91621 161926 253312 181321 171400 232234 119809 248149 99973 
108, 8.908183, 99970 208651 85888 258931 200299 259537 215788 272953 153412 151966 108727 152566 201847 219961 214888 187033 112510 170572 144202 276568 126784 171025 129061 121903 277861 113401 161248 233329 99976 
109, 10.593124, 99970 248632 173332 122512 220924 250294 204826 189082 241438 242275 219619 230623 252280 212479 106960 148519 85774 124765 124927 176188 199414 262783 99322 259114 196804 143188 94297 257347 192055 180337 209968 132199 240076 109708 209890 111391 99973 
109, 9.651571, 99970 248632 173332 216637 266254 256072 163648 163753 211168 162034 208495 180661 277684 246676 194911 277159 273172 98014 210589 210385 156304 85078 94963 259474 224410 144199 196111 147631 245008 250444 140308 99976 
110, 12.023918, 99970 246184 191467 235594 123427 126001 182746 252169 104032 181213 249268 148969 117718 150718 268723 211696 204478 238888 185707 109294 230248 195802 193774 93472 226039 110851 104221 202066 120433 178897 246766 199156 105361 221353 263134 263521 173185 90997 128917 115699 188116 99973 
110, 10.817277, 99970 185221 236068 113347 158638 140440 167830 276943 208783 136339 204442 131806 260614 225805 175885 141877 129199 175360 152068 219055 112360 187441 131608 276784 150256 86083 206359 267907 273517 229783 242605 176587 184486 205168 232294 219778 99976 
111, 12.111122, 99970 186937 239398 159199 193495 85186 176881 200242 124681 190207 187156 89962 107560 185947 92686 266956 265384 171751 107290 145135 220156 116905 253498 137146 249829 216898 255397 93865 187297 153667 228811 138466 105001 243697 182845 266827 231616 273985 144676 102076 99973 
111, 15.554200, 99970 186937 239398 159199 272482 273385 171712 234889 172477 250345 85594 146662 131611 237541 267010 242809 271009 113059 148366 94438 132307 229705 277375 275683 138841 221896 157150 105799 237907 139738 234640 148075 244687 126751 114760 148585 193432 256978 273142 132415 212440 166291 272539 213787 132820 105754 207994 108262 274753 252220 270883 85657 99976 
113, 7.013148, 99970 204724 159622 237271 122461 259405 191494 187045 245785 153817 212854 215914 88648 196891 238915 160276 201610 106420 184576 231910 136846 133306 236413 212125 99973 
113, 12.659122, 99970 153007 143935 266092 259606 101125 241804 231760 124984 227497 251047 231514 190156 93025 115057 151366 163480 248692 131617 274444 197683 239125 213067 216562 214681 150301 230860 269164 244057 156322 138949 146197 225604 252037 119752 102421 128977 256441 225487 86362 200122 99976 
114, 12.589423, 99970 240715 234604 158611 172591 157039 143380 202996 175561 189253 110164 275407 246628 212425 275278 233482 201067 97327 277927 274228 231223 139273 264397 119530 247918 147814 166852 267967 235051 154876 144298 160360 158560 231352 136540 172666 187375 184471 251656 223762 245731 242758 89338 99973 
114, 9.049085, 99970 240715 99178 190318 171082 200857 107785 267475 138706 232117 213961 208366 255820 134713 129679 153736 195814 269074 112246 259768 243229 133117 252706 237895 87829 138064 237703 206203 202246 85117 131212 99976 
117, 5.805476, 99970 110182 101401 275458 218314 90376 220180 96721 242617 102433 266272 277078 98371 222124 212104 94015 146773 118561 206833 99973 
117, 7.932504, 99970 152029 122773 202249 227701 249310 219004 186616 221053 220498 222898 148225 175411 144958 99187 208996 134455 228004 236161 275674 235435 106027 238066 206860 162427 175966 99976 
119, 13.851642, 99970 265945 173773 197017 230710 107134 223501 234319 208858 270838 123184 190198 164629 203389 275989 194038 222697 207970 239374 201412 256423 130156 155233 107131 226807 128365 95566 207085 213106 180985 217699 231382 161065 160300 265447 146887 92302 129982 223570 125020 197515 224155 199990 209398 218653 110812 99973 
119, 14.668723, 99970 265945 95461 208690 116413 148012 126316 138931 173011 226819 154444 154381 210820 183724 270736 271753 147136 176068 175264 190300 200086 250876 192532 131965 171361 106654 85753 87241 233347 175447 268786 93718 84043 86680 277840 189718 198193 187006 218851 169327 108280 246583 207961 189754 90622 127012 197533 224626 202813 99976 
121, 4.472907, 99970 206032 230530 134413 206299 263443 203125 234628 236965 252538 216010 194305 135553 159376 263764 99973 
121, 6.209123, 99970 92293 230539 150199 93622 248671 239353 117718 110125 237838 118768 160000 178300 250468 185461 175069 264367 161269 189529 132229 228283 99976 
125, 8.111251, 99970 124942 137200 122929 183145 218011 214387 225208 153652 135340 181048 90016 232612 136090 95512 181267 158530 110482 213838 143803 206503 209065 184084 274036 88624 119161 267358 99973 
125, 10.935962, 99970 124942 137200 122929 183145 218011 214387 225208 153652 135340 181048 141658 92479 207019 204034 252376 118987 202633 121252 229342 232741 208417 276394 237268 277807 207475 193366 157714 265987 146143 163369 99442 100606 196963 256321 132298 99976 
128, 10.343497, 99970 137344 134485 192049 121663 263509 277237 211888 264739 90631 228199 118897 97525 170968 195619 261097 122080 101419 113461 162193 272692 171676 258751 137623 166960 128821 252181 137611 111214 225394 137875 240193 121555 104950 98398 99976 
129, 12.003625, 99970 210682 162280 161683 232351 242299 221275 178309 227596 121984 253480 101098 238351 231964 277021 107182 219328 160915 118390 115171 89098 134995 232618 134650 171364 266785 102766 103657 273622 163093 128467 153451 191533 249580 110275 212188 165889 147016 125443 162829 99973 
129, 7.476062, 99970 210682 162280 261850 102394 184321 208174 184171 175066 140074 273175 231631 243214 133534 204943 276076 132040 106696 86482 98356 244072 209848 232777 272434 137224 99976 
130, 13.872704, 99970 256246 103291 141568 203791 84328 186502 216013 266983 179188 226522 198076 103951 157213 205531 131320 272620 257770 169420 151132 218332 186973 132097 161767 121030 105703 252943 173707 147454 202813 214951 198535 133771 174133 196207 162061 168052 109510 269647 274447 192445 144217 165916 227155 126769 99973 
130, 4.560204, 99970 256246 103291 141568 203791 123646 269290 261949 204004 153901 264922 165859 276994 221824 196810 99976 
131, 14.371455, 99970 246703 109489 205567 205957 133108 109087 111400 106993 113926 100264 208273 219886 186349 179737 103873 224734 125893 106057 119578 179665 245248 101536 96700 166930 187603 163564 112264 227086 134560 237178 117202 179413 263797 109537 117310 177997 160318 84322 191434 212476 150151 164116 149980 230476 183877 217279 99973 
131, 12.199527, 99970 246703 109489 205567 205957 133108 109087 111400 106993 113926 139138 262630 234628 245977 206089 102673 276286 104791 256339 170848 201049 255511 85000 153388 152641 100249 199060 116449 242770 197338 186007 163843 250849 142567 129526 117988 94723 214246 210268 87541 275659 99976 
132, 8.260107, 99970 126670 268660 213151 267592 196150 149767 249796 92791 135076 221203 219340 228853 96886 180385 209770 140167 258763 252427 274861 180667 274039 141511 176308 236296 106147 99973 
132, 13.061656, 99970 185212 101851 207064 157801 224737 102661 132262 209629 245869 124441 265585 266443 231505 115507 209410 200908 87913 122647 242437 208972 207775 159160 258565 162406 93976 238570 150160 272071 255067 243217 160843 174913 273883 88348 126583 233101 219631 141718 111211 152161 220462 221701 193240 187738 99976 
133, 14.220315, 99970 160942 111301 190495 233956 93523 157567 140317 151093 277252 277927 200740 91336 173572 125587 249964 200029 237457 209329 91705 119785 226621 215173 107716 171082 172747 243592 200236 174091 113023 157825 123271 85558 136498 227305 153967 197053 116776 199018 214267 151855 105223 219508 223573 188359 131512 98416 99973 
133, 14.726067, 99970 160942 111301 190495 233956 93523 157567 140317 151093 120409 154402 190567 123853 202324 195271 198439 171838 160195 162223 118966 134110 178753 128290 172579 160825 122359 161029 233524 127597 91507 217867 94951 271939 246715 97336 178864 115624 121573 151867 176581 100099 267415 276505 200320 167926 156070 226207 257167 99976 
134, 11.738622, 99970 108919 141616 173773 152404 221410 234901 89191 265558 243124 262543 268450 191674 194548 117703 189394 123469 207931 139537 187597 192052 111043 150457 240535 152728 142219 111985 113623 178201 223858 263380 241942 111460 164302 262114 243601 251692 242452 167266 99973 
134, 9.982249, 99970 108919 141616 173773 152404 221410 234901 89191 265558 243124 262543 268450 203341 123346 217828 178918 269581 144622 211228 86887 245026 117613 185413 85333 174025 147223 256027 220087 197737 109360 213034 241246 89686 99976 
136, 9.648048, 99970 165349 270307 114412 236383 231088 179728 115171 184339 107251 272440 248608 268342 90241 254956 274300 129979 157189 183145 223561 231904 272221 276352 186397 249400 90502 131569 152848 207265 171607 102631 146185 99973 
136, 11.311944, 99970 124879 202294 251029 200902 206932 247405 152290 236287 199927 232027 212278 273085 265351 111763 227917 196975 135121 235114 167203 154858 221740 164896 169114 162475 138649 276745 98725 212605 242878 116665 228787 152248 243151 172408 239749 171967 232171 99976 
138, 10.217146, 99970 153646 232744 181135 236563 112642 201619 96670 195553 225319 143899 126379 141541 209977 125650 276877 104506 265786 155683 256318 248245 229336 270499 155005 124669 222892 89239 105502 102532 264820 175453 156040 108076 99976 
139, 13.663476, 99970 274837 239182 232258 221983 85801 253933 229438 202363 203767 113539 124924 227212 189877 237040 121852 161797 204325 92269 107125 96586 114508 258895 85210 126535 190339 272476 172642 274402 273865 197329 137722 128203 230041 129856 243436 106099 248125 94978 133282 150502 239464 237043 210727 99973 
139, 9.992745, 99970 218584 257431 166549 273565 204289 153853 210859 178555 125878 163516 170209 120451 154492 191605 235201 142420 275587 137677 93799 240937 185395 222910 266242 133168 156046 175963 149950 152131 127744 131941 273166 99976 
143, 14.055185, 99970 94330 151189 121948 158560 86893 150565 167206 168523 145999 270013 111565 141370 211483 263461 185953 99469 92062 165514 138013 171154 101413 231295 251350 164677 269797 90172 265531 169477 181426 121837 131104 103354 224689 261640 145300 206455 106486 95911 106930 153274 188515 179038 208639 230230 164113 272797 120622 99973 
144, 10.159739, 99970 218449 151297 218830 164536 227068 200245 249505 219028 201760 207589 140158 94027 196636 258325 224869 144196 253936 113071 206194 260770 179356 241156 173449 132652 171583 260284 260998 210766 274174 243538 252640 188038 243010 99973 
144, 13.277452, 99970 218449 151297 218830 144964 231352 262474 229780 213697 103777 164401 220039 259303 150268 113284 244033 142993 136687 128293 252046 135223 228649 99187 107932 170839 271957 114004 203017 172498 261475 187987 142897 168448 218479 200566 137056 88831 219172 141022 157987 124744 91207 260254 152782 226063 99976 
145, 11.280725, 99970 128302 251725 276169 129154 108226 181465 217885 121258 118558 169657 133177 107728 180262 191590 160483 94372 156307 155431 125887 177907 225601 100807 200764 208195 148396 144928 166639 129931 143119 139930 125398 161395 115990 116755 202390 86518 99973 
145, 9.942899, 99970 128302 211267 230350 237766 150190 214285 121060 165889 135364 158266 175036 205231 92764 140632 102610 155647 227503 164746 250303 87097 128626 225487 138193 171496 159661 242287 256720 132643 99772 94642 112588 147343 191938 99976 
146, 7.752845, 99970 200299 251515 99085 145378 116890 265063 111685 215122 145264 113080 274141 248263 220867 100420 115303 166825 181033 85312 185113 199468 117742 136216 111088 205063 98473 99973 
146, 11.350212, 99970 200299 251515 99085 145378 116890 265063 111685 215122 145264 113080 274141 248263 220867 100420 171016 238369 194641 173605 241483 120052 222226 135301 151150 160804 180994 89383 269086 174538 96628 251713 196516 150142 227989 236248 85507 121732 99976 
147, 10.669159, 99970 251902 270640 234304 169975 106144 153715 233887 151384 97354 244699 254614 148876 124426 156466 198418 260914 271081 118915 242641 135847 129910 184654 231661 165757 199648 225163 99478 111106 172195 270664 170749 116815 89359 179173 99973 
147, 11.692575, 99970 251902 270640 234304 137416 116680 229267 171874 275119 186100 256975 88879 239830 252643 174988 218746 190780 223957 179317 143587 147295 232615 166033 258688 172018 88006 242923 110098 221650 166417 198733 231736 110383 123028 191320 220933 156142 197590 276547 99976 
148, 4.773367, 99970 124375 254662 96022 239155 93322 90202 267820 276502 84646 106855 191746 200983 240271 265672 99976 
149, 6.934653, 99970 271180 189784 254728 105592 90556 151039 176680 132169 126778 100675 147979 257104 236143 154261 106933 172984 93334 90787 151156 154165 232663 178141 99973 
149, 4.101554, 99970 271180 189784 254728 136198 208627 205873 179875 135352 246040 94840 182533 264811 193231 99976 
154, 13.312805, 99970 211228 181099 88825 108382 183028 145888 220363 189724 166504 158419 184288 173839 234085 155203 121507 122149 224305 199513 265927 198058 171286 173008 112120 164170 112453 91945 180181 237214 147211 131053 116857 106327 227029 262285 115654 126688 238390 118045 125116 99694 222349 246226 99973 
154, 19.902567, 99970 211228 181099 88825 108382 183028 145888 175663 254515 110551 231727 154096 207583 119557 244639 207814 143635 163651 180739 179914 152767 167401 198706 188578 189289 258799 274930 118297 170224 123922 241006 103735 205744 182701 276916 99478 252097 161536 88540 130819 145531 86851 226210 276367 216118 218806 144112 231367 174445 202165 223219 188788 201223 182908 111058 230233 150259 214237 100135 90994 97831 218443 174976 261898 133057 126883 99976 
155, 9.833754, 99970 276895 103198 203848 240178 247318 103471 274987 186715 114745 189424 177421 128689 258844 122239 234802 252655 215281 151954 181225 277858 129484 122026 84838 268717 185722 206512 241684 266851 115507 157285 177955 186022 99973 
155, 10.630287, 99970 276895 224644 121789 232729 199027 88459 155650 239749 159547 132193 161632 260953 133591 128428 163153 243961 224887 169288 101494 257764 149065 187837 120577 265630 129364 130192 128347 159214 230689 266485 260227 93277 274597 137359 208732 99976 
156, 14.032911, 99970 225190 123772 164185 204709 129613 222682 160645 144019 172177 121390 98269 213745 226609 159103 110899 187132 84097 194461 154009 114037 241660 276742 253612 154549 89494 174820 264499 85300 140104 219913 156808 95674 187381 154762 270538 207766 236128 130129 98254 249424 168901 151762 243457 163582 99973 
156, 10.073638, 99970 225190 123772 164185 204709 163276 201391 185770 163366 144340 139543 235636 263614 267883 145192 194638 207181 233344 132280 88849 269980 111451 122332 211933 108079 240412 126595 85159 261712 157267 277888 108604 173113 99976 
157, 9.035714, 99970 237889 237346 94186 164311 227656 140485 230353 113023 168046 197416 188575 265162 122779 128053 244558 259378 172804 224737 183655 259429 113365 150403 88729 245518 86611 132163 136498 95650 195004 99973 
157, 3.502349, 99970 237889 237346 94186 164311 175048 236749 164383 104518 217918 158608 123073 99976 
158, 9.734334, 99970 181753 157972 156133 130759 259414 132466 276052 206806 158890 121879 136792 209374 182764 85081 232618 242992 268126 261115 114946 167935 120499 176389 229975 147595 241738 84934 133633 223825 221770 116560 127951 99973 
158, 4.637423, 99970 265558 211213 140296 162322 217774 145411 272566 196537 156154 202297 84727 265297 199432 257311 99976 
159, 9.501032, 99970 210694 245902 240904 172669 87970 140506 111628 257380 257389 117256 269416 126694 254965 199744 142033 91513 150658 84094 243238 168898 124390 255733 169183 130159 175729 91261 145348 222313 143740 109501 99973 
159, 5.360765, 99970 104809 225592 213421 175306 130771 103744 134932 230926 123646 217180 204073 200779 263578 198805 180583 253753 181429 99976 
160, 7.375681, 99970 186622 214549 223996 250738 194644 142288 91639 87349 177163 183853 123196 176749 167899 113320 151453 197188 129844 230722 243637 276787 253636 182506 201634 124909 99976 
161, 9.017920, 99970 227338 179206 218506 155074 238735 276733 203398 134134 107215 232573 153571 228814 89092 94105 258970 255034 199144 113065 218338 85720 89287 214558 216403 208003 133984 93667 166924 149056 245917 99976 
163, 12.385877, 99970 231076 108280 185224 124060 264511 89614 226597 196087 96601 183757 215278 264361 128452 157951 194134 104245 111364 229126 127639 109837 230371 251332 136936 240823 98347 134509 149896 139855 84160 135079 118597 246742 168679 91699 248623 234208 158971 88288 105763 187558 99973 
163, 12.539837, 99970 202546 207793 165328 88882 140395 259306 118180 250108 186625 253612 86887 143242 115144 163786 121147 243052 137149 249325 218833 272332 159967 188470 89617 173413 212773 150949 156136 152188 131842 92872 171604 165331 190429 188443 140215 119338 138475 147880 109825 236023 249148 204373 99976 
164, 10.387622, 99970 250108 150517 271909 276067 85738 133870 119848 112915 186256 181711 129811 98704 229978 231511 259219 138091 108955 238261 238504 100543 170374 117946 229243 182653 257038 126250 132940 267286 112480 158515 147508 146338 99973 
164, 11.446137, 99970 250108 150517 271909 276067 85738 133870 119848 112915 186256 181711 129811 98704 229978 231511 259219 138091 108955 238261 238504 100543 170374 117946 229243 182653 257038 126250 132940 267286 112480 158515 147508 146338 254077 137392 197809 199942 99976 
165, 11.394779, 99970 140578 234811 114445 118492 121993 246442 169525 232936 165034 147304 274888 130600 239626 131728 104296 95419 189739 245809 101407 100990 180475 126421 88168 210877 148069 143722 149845 216376 157153 276745 175729 170194 101866 144910 130519 86863 99973 
165, 13.704868, 99970 158878 165052 106360 118120 217627 87370 156433 206737 275134 196048 211657 118573 276646 224320 204727 92143 84103 110515 134029 146905 198760 137914 173539 173350 145372 125341 103873 156763 216667 91075 142474 259666 252085 138766 242674 143806 102382 242566 195760 252877 131716 184936 203383 133375 99976 
166, 14.520146, 99970 105154 258697 132964 207673 232393 214087 229891 100741 250462 164887 106213 203881 157876 180862 248125 116212 167368 155962 120163 230299 205678 110602 126856 202699 85795 137668 176965 213577 268345 90934 248713 118729 234466 269371 260629 266575 239668 218902 231331 102016 241042 204865 209527 116791 171589 187705 113509 99973 
166, 13.924850, 99970 258400 101344 193675 93910 95938 240445 230215 147718 145804 101377 248053 122101 267928 181921 276841 234145 183556 186934 205993 225271 174520 165724 234418 273928 123226 269662 167569 268825 202420 158707 187417 140413 109042 212029 137860 172768 212539 84904 211018 237082 215497 87667 251671 216025 99976 
167, 6.172356, 99970 190012 264652 241420 103009 150160 220078 229501 219031 248362 207544 125941 147448 218074 262738 214174 106567 175123 206956 156988 99976 
168, 7.736940, 99970 104803 117550 258559 120943 219967 134989 198229 148540 172831 250117 253006 226768 275623 135538 125293 269731 262795 169987 104227 193642 159358 231736 131641 169390 99973 
168, 13.245450, 99970 270553 258088 179560 127747 103153 183790 207679 229765 151117 142702 276985 87130 223357 98695 109636 249055 234343 214669 218092 101458 236896 214048 217417 245521 192235 190432 128656 175504 158740 237598 221629 168436 210220 277753 192703 120460 141457 249718 132931 191917 102553 102094 276292 148267 99976 
169, 10.026799, 99970 213586 152347 201502 241294 193738 167908 191371 168235 123649 119314 251701 127582 114412 87055 184297 119953 210727 142984 108010 102403 86977 96577 113764 149650 103648 214405 95287 111925 225268 127336 223540 105121 99973 
170, 4.326857, 99970 91717 138937 109798 230971 261259 165460 120157 165970 177856 204028 244993 92563 193780 135394 99973 
170, 1.629671, 99970 91717 138937 109798 157903 99976 
171, 10.323960, 99970 146425 89218 273445 220594 217819 260599 92128 125527 271444 195364 190321 86998 213538 242125 238108 223654 249817 250009 154015 177826 138154 275419 182653 262438 208810 119035 104362 98050 144514 201856 96838 268873 232924 99976 
172, 9.232230, 99970 231511 198112 206833 214324 161914 104452 175579 107113 269674 181936 128854 167740 86626 141286 165319 231094 254041 218851 198442 147868 134917 251215 174007 273736 95221 252343 143614 250042 251011 177628 99976 
175, 14.743444, 99970 202777 86461 191302 85399 222847 170986 169468 224455 180691 90271 137107 192745 113533 138184 135244 229954 146386 199321 98758 121159 219253 167944 269140 153406 213358 198028 126646 140413 240859 117298 259282 131545 157474 142123 101107 168139 133102 163702 271366 201016 147535 128908 181300 131023 163240 209200 174745 184132 206458 99973 
175, 3.340709, 99970 202777 226153 188383 148879 128179 117190 252574 188263 206569 98824 99976 
177, 10.431063, 99970 210358 224032 101968 189727 220774 243298 86800 233509 189949 91222 168598 240439 109540 175771 219982 174688 167245 155698 239875 254014 246973 185680 88318 122212 263353 91336 138985 191860 198940 169066 185962 228661 215812 87190 99973 
177, 9.072655, 99970 210358 198001 267499 211657 191389 125680 146203 202228 222823 175489 87826 103699 133606 202261 128731 157648 233800 186157 152530 251101 176116 190924 142015 201526 232960 121747 175930 210199 157753 99976 
178, 4.793153, 99970 135799 98935 206908 102940 220381 274585 150046 265873 183175 243865 90679 216952 264811 158851 99973 
178, 12.801238, 99970 135799 98935 206908 275470 174685 148246 244735 135817 144145 231757 256885 87688 90139 144901 236443 258484 213679 269698 131710 154285 180730 112000 144031 107836 157438 227512 116539 272005 158536 246715 254683 172963 146047 268717 201217 267121 225295 235366 102586 189430 99976 
179, 9.664960, 99970 274522 123160 262111 131476 199246 110563 241642 139021 134437 132838 96970 105634 182245 198229 276592 221386 91819 211858 147088 271252 179158 128527 205453 87136 166051 248209 121477 217282 247849 244936 230674 99973 
179, 4.519768, 99970 274522 146983 100975 127159 209659 181609 226351 244075 111073 86842 148933 108286 86044 254635 99976 
180, 15.222228, 99970 232951 112783 249496 233308 218260 103072 169543 155761 96940 85243 132115 219574 178099 241525 215722 232966 193069 146182 198169 236698 270805 162622 214750 244477 109207 217612 156268 165271 133078 266830 213985 163621 152773 97147 201907 119830 128305 184669 183784 124843 142690 217954 227854 213550 193768 143128 225253 148408 137533 240427 169729 99976 
181, 10.183909, 99970 135073 219898 132202 209197 219814 273949 167293 152065 95581 222229 228553 166399 270694 125371 197059 201772 237220 188467 120841 248098 230899 127576 107047 270547 247867 185641 207700 240490 116098 122143 134428 231892 99973 
181, 7.191578, 99970 163750 162811 250402 127597 212131 272833 179644 108898 272326 135592 108835 132586 124774 235855 177925 142636 231217 94186 127204 264793 236539 128278 97081 99976 
183, 12.393488, 99970 200494 152191 260623 243931 265777 161293 100999 172516 161587 154636 144292 274039 216106 200845 173278 145939 262519 102100 270175 189940 89923 192886 179758 130570 261436 276979 198439 133288 260473 221191 269455 211336 198178 109036 222724 245374 226822 138814 93709 118264 99973 
183, 7.037752, 99970 217321 155368 247270 211150 207784 209188 276949 265042 195970 221734 88501 181063 209512 179995 94285 86863 101284 164956 232414 174121 147106 262225 99976 
184, 10.190649, 99970 192595 221155 86968 205186 228187 233380 178588 208663 222553 125104 138949 194287 192766 214225 274588 165214 263344 128218 98158 118474 106594 257590 164254 239728 121243 140656 209572 192493 143419 238735 198364 224428 99973 
184, 8.538377, 99970 175126 276481 267049 243682 173092 163381 124060 103975 222193 244741 234316 103567 251236 241918 161104 239530 115936 237688 203455 86404 269413 101848 150391 257497 118498 119731 245770 99976 
185, 10.173480, 99970 163066 233644 131866 193699 269968 88453 229816 144610 132241 138646 185512 247843 198304 176557 178750 190231 194101 198739 105877 127714 140281 271045 269710 273559 84559 164743 98605 87082 145930 233134 184021 275191 99973 
185, 8.263873, 99970 163066 233644 131866 193699 269968 88453 229816 144610 132241 138646 185512 247843 198304 176557 178750 190231 194101 198739 105877 127714 140281 271045 269710 273559 84559 219571 99976 
186, 4.575331, 99970 123838 241714 120175 275581 245608 205759 191377 110665 268774 272950 196531 270913 268285 245320 99973 
186, 12.422420, 99970 258940 266716 266674 127072 174064 171628 117289 196255 270985 154801 236617 238444 153799 258670 236245 275722 167341 114478 123676 244405 262870 238438 163846 277852 235699 137647 206518 208453 155830 266908 156832 217837 103876 181555 109273 94249 230134 216397 191770 114979 183454 99976 
reading frame 457650000 failed
exiting loop at round 190
