./pathfinder.out -pdb ../xtc_reader/final_solv_ions.pdb -xtc /home/work/aapomalk/proteins/complex_iv_monomer/separated/final_no_hetero2/sisu_trajectories/md.part0005_clst_cntr.xtc -par ../tests/parameter_protein_and_water.txt -start 27853 -end 1870 
pathfinder started
reading parameters..
using: angle 20.000000, distance 0.300000, domain decomposition 60 60 60
number of vertex definitions: 3, see them in file ../tests/parameter_protein_and_water.txt
reading pdb..
reading xtc..
starting path finding

step, length, list of structure_index
60, 1.959061, 27853 221524 248065 134464 242098 244147 253576 1870 
85, 1.666673, 27853 234940 256456 117136 128182 134227 1870 
94, 1.135589, 27853 227020 258361 94057 1870 
97, 0.256143, 27853 1870 
100, 0.262299, 27853 1870 
106, 0.280809, 27853 1870 
107, 0.281697, 27853 1870 
109, 0.269974, 27853 1870 
112, 0.816340, 27853 195181 172168 1870 
115, 0.281136, 27853 1870 
117, 0.547391, 27853 230611 1870 
118, 0.257994, 27853 1870 
119, 0.541958, 27853 125734 1870 
120, 0.265194, 27853 1870 
121, 0.287800, 27853 1870 
125, 0.261606, 27853 1870 
126, 0.260094, 27853 1870 
128, 0.265181, 27853 1870 
130, 0.259141, 27853 1870 
131, 0.268622, 27853 1870 
136, 0.284199, 27853 1870 
137, 1.098028, 27853 166621 114241 178519 1870 
140, 0.277018, 27853 1870 
141, 0.261314, 27853 1870 
142, 0.270166, 27853 1870 
143, 0.261698, 27853 1870 
145, 0.267427, 27853 1870 
146, 0.268846, 27853 1870 
153, 0.815899, 27853 166876 185950 1870 
154, 0.542168, 27853 167668 1870 
155, 1.433162, 27853 135007 154180 127810 90730 1870 
156, 0.576800, 27853 247669 1870 
157, 0.536565, 27853 160354 1870 
163, 0.539848, 27853 277612 1870 
166, 0.544607, 27853 219670 1870 
169, 1.943819, 27853 147157 265462 141148 206338 114526 217765 1870 
173, 1.408536, 27853 157501 207343 185314 262252 1870 
174, 0.553027, 27853 165820 1870 
181, 0.818094, 27853 113332 270679 1870 
186, 0.537282, 27853 218560 1870 
188, 0.558360, 27853 170929 1870 
190, 1.132648, 27853 215956 104587 105205 1870 
reading frame 457650000 failed
exiting loop at round 190
