./pathfinder.linux -pdb ../xtc_reader/final_solv_ions.pdb -xtc ../xtc_reader/three_frames.xtc -par ../tests/parameter_water.txt -start 99970 -end 99973 -end 99976 
pathfinder started
reading parameters..
using: angle 45.000000, distance 0.400000, domain decomposition 70 70 70
number of vertex definitions: 1, see them in file ../tests/parameter_water.txt
reading pdb..
reading xtc..
starting path finding

step, length, list of structure_index
0, 15.715513, 99970 270433 223273 138319 187285 205066 218902 257341 122989 112180 221242 160135 96871 123286 115732 90652 249760 241471 159979 104569 145633 126244 137473 90007 232717 225046 112678 205519 249349 210073 139408 87697 215101 221371 148558 109279 139933 258934 147805 213190 110419 178480 171673 162463 221485 182881 127486 220432 253726 268186 115792 127963 118489 99973 
0, 6.800998, 99970 270433 241801 240910 214528 92554 112474 96718 255367 231811 182794 171238 259366 99745 170566 197245 140530 275416 258862 273736 163135 223699 221266 99976 
1, 14.800037, 99970 134860 251410 145441 231136 84223 237883 133252 211291 261442 193051 230605 96217 268696 131584 144784 104290 208753 105283 225544 113173 270082 233788 243733 149656 241720 192127 188353 259195 211027 276142 201268 165673 101974 124237 94342 203158 212191 143626 124606 182971 163537 212854 210934 253216 174883 247384 142429 253699 239347 99973 
1, 12.293001, 99970 134860 251410 145441 231136 273607 88126 175024 209854 266236 237868 235252 209053 84178 89059 251887 147481 152611 154486 144409 116608 259645 252883 130774 125818 186031 150982 95251 179917 94765 229168 269875 182836 247291 160906 198145 207232 133348 229033 210235 99976 
2, 8.636038, 99970 99310 209584 128338 135916 220372 212548 140560 181756 195802 226600 153343 115636 205993 261649 225199 194512 132577 171550 176050 109672 88504 101725 204571 178585 197890 182854 210757 99973 
2, 6.384157, 99970 99310 209584 128338 135916 136945 106948 117088 231709 183529 198922 275368 253807 192310 253156 277579 163120 85630 247915 265279 170698 99976 
reading frame 363650000 failed
exiting loop at round 2
